Iteration;MP2_0315_Hole_256;Iteration;CF_dark_1;Iteration;Tile_Crack;Iteration;Cable_Missing;Iteration;Pul_Resin;Iteration;Severstal_Steel;
;;180;7,37711e-007;	180;-0,0196412;	180;-0,00785149;
;;179;-0,0105825;	179;-0,0220165;	179;-0,0105284;
;;178;-0,0253533;	178;-0,0164375;	178;-0,016464;
;;177;-0,019104;	177;-0,0416657;	177;-0,0145955;
;;176;-0,00798013;	176;-0,0340213;	176;-0,00809944;
;;175;-0,00888315;	175;-0,0093541;	175;-0,0135414;
;;174;2,80461e-007;	174;-0,0227481;	174;-0,00187619;
;;173;-0,000127907;	173;-0,0102907;	173;-0,00188393;
;;172;-0,0513641;	172;-0,0261247;	172;-0,00503418;
;;171;-0,00347975;	171;-0,0260845;	171;-0,00342388;
;;170;-0,000351192;	170;-0,0127078;	170;-0,0041815;
;;169;-0,0198023;	169;-0,0319186;	169;-0,016436;
;;168;8,61716e-008;	168;-0,0109925;	168;-0,000371459;
;;167;-0,125491;	167;-0,0107232;	167;-0,0107234;
;;166;-0,0301291;	166;-0,0199801;	166;-0,0393625;
;;165;-0,0427302;	165;-0,025889;	165;-0,00241806;
;;164;-0,0710424;	164;-0,00708321;	164;-0,0119966;
;;163;-0,015824;	163;-0,0143869;	163;-0,0034074;
;;162;-0,000109025;	162;0;	162;-0,0150387;
;;161;-0,0061001;	161;-0,0303825;	161;-0,0104776;
;;160;-0,0174788;	160;-0,0220543;	160;-0,0105618;
;;159;-0,02008;	159;-0,0037745;	159;-0,00519008;
;;158;-0,00839802;	158;-0,0193073;	158;-0,0135305;
;;157;-0,0123299;	157;-0,0264658;	157;-0,00147889;
;;156;-0,00891134;	156;-0,0124089;	156;-0,00233892;
;;155;-0,0420785;	155;-0,023657;	155;-0,00248417;
;;154;-0,0255352;	154;-0,00612811;	154;-0,0890593;
;;153;4,34611e-008;	153;-0,0371187;	153;-0,000199377;
;;152;-0,0314445;	152;-0,00655993;	152;-0,011202;
151;-0,0160625;	151;-0,00184659;	151;-0,00649274;	151;0;	151;-0,0187289;	151;-0,0198797;
150;-0,0160625;	150;-0,00184659;	150;-0,00649274;	150;-0,000936045;	150;-0,0207483;	150;-0,0177108;
149;-0,0175889;	149;-0,000708052;	149;-0,0145591;	149;-0,0346311;	149;5,11223e-006;	149;-0,00541416;
148;-0,01363;	148;-0,00132714;	148;6,60492e-009;	148;8,6036e-008;	148;-0,0177158;	148;-0,00608506;
147;-0,0161773;	147;0;	147;-0,0069019;	147;-0,00450549;	147;-0,0171267;	147;-0,0128848;
146;-0,00315919;	146;-0,00106417;	146;-0,0337864;	146;-0,00143656;	146;-0,00867589;	146;-0,0108525;
145;-0,00682823;	145;-0,00153241;	145;-0,000245179;	145;-0,00197835;	145;-0,0241277;	145;-0,00989902;
144;-0,0282246;	144;-0,00333186;	144;0;	144;-0,0185942;	144;-0,0148659;	144;-0,00916036;
143;-0,0160641;	143;9,05549e-008;	143;-0,0211352;	143;0;	143;-0,0688255;	143;-0,00452428;
142;-0,0283004;	142;9,84234e-008;	142;-0,0131724;	142;0;	142;-0,0252676;	142;-0,0312725;
141;-0,00555028;	141;0;	141;-0,00517981;	141;-0,0354726;	141;-0,0506626;	141;-0,00428882;
140;-0,00120681;	140;7,44676e-009;	140;-0,00667335;	140;-0,0512883;	140;-0,0188646;	140;-0,0117407;
139;-0,0117354;	139;-0,000577368;	139;0;	139;-4,35325e-005;	139;-0,0200816;	139;-0,0023726;
138;-0,00895567;	138;0;	138;-0,0168035;	138;-0,00347259;	138;-0,0167895;	138;-0,00498121;
137;-0,00275203;	137;-4,94492e-005;	137;-0,0181166;	137;-0,0734627;	137;-0,0226666;	137;-0,0210317;
136;-0,00529589;	136;7,98475e-009;	136;-0,00731418;	136;-0,0154372;	136;-0,00796066;	136;-0,00107877;
135;-0,00986279;	135;-0,001751;	135;-0,000328518;	135;-0,00490691;	135;-0,000709898;	135;-0,0376282;
134;-0,0170344;	134;-0,00215819;	134;-0,0110233;	134;-0,0185559;	134;-0,0190487;	134;-0,0167416;
133;-0,0200071;	133;0;	133;-0,0171463;	133;-0,149857;	133;-0,0372277;	133;-0,0180637;
132;-0,0103469;	132;-0,00115847;	132;-0,00236847;	132;-0,145369;	132;-0,0100094;	132;-0,0253057;
131;-0,00642438;	131;-0,00192319;	131;-0,00243936;	131;-0,000634097;	131;-0,0420989;	131;-0,00894812;
130;-0,00665289;	130;0;	130;-0,0129641;	130;-0,0663131;	130;-0,00960842;	130;-0,0103842;
129;-0,00734039;	129;-0,0103087;	129;-0,00406074;	129;-0,0200641;	129;-0,0282292;	129;-0,0107475;
128;-0,0106721;	128;0;	128;-0,00189687;	128;-0,0324266;	128;-0,00601129;	128;-0,0305272;
127;-0,020094;	127;5,58011e-009;	127;-0,0470801;	127;-0,0199278;	127;-0,0116393;	127;-0,00514303;
126;-0,00152502;	126;-0,00058559;	126;-0,0588171;	126;1,29804e-008;	126;-0,0131242;	126;-0,00325793;
125;-0,00999099;	125;-5,09759e-005;	125;-0,0329544;	125;-0,000161057;	125;-0,00682611;	125;0;
124;-0,0109868;	124;-0,00119494;	124;-0,0139313;	124;0;	124;-0,0500599;	124;-0,00730913;
123;-0,00322228;	123;0;	123;3,83855e-008;	123;-0,0267677;	123;-0,00113573;	123;-0,0052046;
122;-0,0143548;	122;-0,00125042;	122;-0,000535643;	122;-0,0565921;	122;-0,00439951;	122;-0,00131091;
121;-0,00533914;	121;3,546e-009;	121;-0,0348847;	121;-0,0200378;	121;-0,0307643;	121;-0,00427198;
120;-0,00782355;	120;9,18214e-009;	120;-0,0036338;	120;-0,015749;	120;-0,0237505;	120;-0,0134902;
119;-0,00314912;	119;0;	119;-0,0168129;	119;3,31295e-008;	119;-0,0225635;	119;-0,00751591;
118;-0,0167276;	118;-0,000119039;	118;-0,00957995;	118;7,62875e-007;	118;1,98264e-006;	118;0;
117;-0,014649;	117;0;	117;-0,0121734;	117;-0,00711188;	117;-0,0116791;	117;-0,0318007;
116;-0,018155;	116;0;	116;-0,0217134;	116;-0,0327931;	116;-0,0155922;	116;-0,00980614;
115;-0,00790695;	115;-0,000476906;	115;-0,00933991;	115;2,50525e-007;	115;-0,00457405;	115;-0,000473875;
114;-0,014962;	114;-0,000210939;	114;0;	114;8,99092e-008;	114;-0,000611686;	114;-0,000732768;
113;-0,012324;	113;2,46567e-009;	113;-0,000505363;	113;-0,0239251;	113;-0,0441781;	113;-0,00291429;
112;-0,0221162;	112;-0,000328953;	112;-0,00797957;	112;-5,41427e-005;	112;-0,0505449;	112;-0,00959796;
111;-0,0128442;	111;3,94298e-008;	111;-0,00570352;	111;2,93327e-008;	111;-0,0104589;	111;-0,00566181;
110;-0,0079625;	110;1,23681e-008;	110;-9,41665e-005;	110;-0,0497112;	110;-0,0237451;	110;-0,0141968;
109;-0,0146284;	109;6,50807e-007;	109;-0,00938752;	109;-0,00498864;	109;-0,0283186;	109;-0,0176208;
108;-0,00992951;	108;0;	108;-0,00664834;	108;5,72433e-007;	108;1,93401e-005;	108;-0,00334557;
107;-0,00655835;	107;0;	107;-0,0105179;	107;-1,16289e-005;	107;-0,0197722;	107;-0,0317375;
106;-0,0147166;	106;-0,000652744;	106;-0,0313007;	106;-0,0382947;	106;-0,00272449;	106;-0,00193209;
105;-0,0131647;	105;-0,000723786;	105;-0,0174004;	105;0;	105;-0,0306187;	105;-0,0220978;
104;-0,00177639;	104;-8,83288e-005;	104;-0,000441075;	104;-0,00247713;	104;-0,00618144;	104;-0,0111167;
103;-0,0127363;	103;0;	103;1,35454e-007;	103;-0,000335225;	103;-0,0223189;	103;-0,0234331;
102;-0,00817152;	102;-0,000692086;	102;-0,00187604;	102;-0,0158684;	102;-0,0201811;	102;-0,0125197;
101;-0,0139377;	101;-0,00191843;	101;-0,0125569;	101;-0,00292303;	101;-0,00790168;	101;-0,0102498;
100;-0,0109553;	100;-0,00184419;	100;-0,00720905;	100;-0,118602;	100;-0,0237933;	100;-0,00192294;
99;-0,0128783;	99;-0,000422684;	99;-0,0164326;	99;-0,00139957;	99;-0,0137907;	99;-0,00289633;
98;-0,0147536;	98;-0,000230951;	98;-0,00929592;	98;0;	98;1,60282e-006;	98;-0,00125289;
97;-0,00844878;	97;-0,000175332;	97;-0,0156534;	97;-0,00517202;	97;-0,00616458;	97;-0,000242266;
96;-0,00393615;	96;-0,000149479;	96;-0,00254875;	96;1,23542e-007;	96;-0,00181887;	96;-0,000167839;
95;-0,00288005;	95;-0,00106433;	95;5,82053e-008;	95;-0,0291116;	95;-0,0334266;	95;-0,0288183;
94;-0,0121479;	94;-4,98872e-005;	94;-0,0124587;	94;6,89665e-008;	94;-0,0138739;	94;-0,00173503;
93;-0,0061566;	93;0;	93;-0,00614236;	93;-0,139;	93;-0,00982688;	93;-0,0181164;
92;-0,0102796;	92;0;	92;-0,000290162;	92;-0,0205697;	92;-0,0116638;	92;-0,00352668;
91;-0,00582926;	91;-2,65679e-005;	91;-0,0244838;	91;-0,000745749;	91;-0,0111375;	91;-0,00223879;
90;-0,0202234;	90;-0,00231029;	90;-0,0186942;	90;-0,0111324;	90;-0,0423053;	90;-0,0058463;
89;-0,00514806;	89;-0,00388714;	89;-0,00114986;	89;-0,00522222;	89;-0,0117222;	89;-0,00153593;
88;-0,0135996;	88;7,45727e-010;	88;-0,00948579;	88;-0,00677128;	88;-0,0235471;	88;-0,00227867;
87;-0,0065198;	87;-0,00215019;	87;-0,00703929;	87;2,73197e-007;	87;-0,00568886;	87;-0,0297281;
86;-0,00547593;	86;-0,000789693;	86;-0,00889077;	86;-0,0652611;	86;-0,00190456;	86;-0,0242835;
85;-0,00843092;	85;0;	85;-0,0164926;	85;-0,0569119;	85;-0,0245568;	85;-0,00215455;
84;-0,00624376;	84;-0,00199922;	84;-0,014273;	84;-0,00780787;	84;-0,00518532;	84;-0,0322807;
83;-0,00728213;	83;-0,00178113;	83;-0,00133396;	83;-0,052995;	83;-0,0119059;	83;-0,00810771;
82;-0,00951696;	82;0;	82;-0,00289431;	82;-0,00387962;	82;-0,0530032;	82;-0,00246976;
81;-0,00447861;	81;-0,00115865;	81;2,41061e-007;	81;-0,0222797;	81;-0,0149125;	81;-0,0192456;
80;-0,00803692;	80;7,10473e-009;	80;-0,00454182;	80;-0,000769337;	80;-0,0587426;	80;-0,00704324;
79;-0,00705015;	79;3,38533e-009;	79;-0,0109948;	79;-0,0103353;	79;-0,00655175;	79;-0,00351179;
78;-0,0103112;	78;0;	78;-0,0150694;	78;-0,000231449;	78;1,62166e-006;	78;-0,00499353;
77;-0,0189719;	77;0;	77;-0,000896487;	77;1,34805e-007;	77;-0,00121414;	77;-0,00185691;
76;-0,00622174;	76;0;	76;-0,00535898;	76;-0,0122199;	76;-0,0564049;	76;-0,0121542;
75;-0,0120068;	75;0;	75;-0,0146856;	75;-0,0122382;	75;-0,0146979;	75;-0,00837406;
74;-0,0140061;	74;-0,000176367;	74;-0,0369498;	74;-0,151709;	74;-0,0485884;	74;-0,00729789;
73;-0,0162117;	73;-0,000687714;	73;-0,0205811;	73;-0,0651185;	73;-0,0186357;	73;-0,0041292;
72;-0,0128955;	72;0;	72;-0,0187319;	72;3,38872e-008;	72;-0,000748368;	72;-0,00329509;
71;-0,0122397;	71;0;	71;-0,0217398;	71;-0,0172146;	71;-0,00673948;	71;-0,0016497;
70;-0,0165444;	70;5,80767e-008;	70;-0,00592073;	70;-0,000115839;	70;-0,0199963;	70;-0,0167747;
69;-0,00796782;	69;-0,00227647;	69;-0,0333472;	69;-0,0091651;	69;-0,0102762;	69;-0,0100744;
68;-0,00433005;	68;0;	68;-0,00600484;	68;3,79703e-006;	68;-0,00725309;	68;-0,0214755;
67;-0,00249764;	67;8,08239e-009;	67;8,62837e-008;	67;-0,000452288;	67;-0,0247444;	67;-0,0135529;
66;-0,00739399;	66;0;	66;-0,00744745;	66;0;	66;-0,00234642;	66;-0,00270857;
65;-0,0393076;	65;-0,000711001;	65;-0,00955023;	65;0;	65;3,21087e-006;	65;-0,00510914;
64;-0,00661336;	64;0;	64;1,04955e-007;	64;-0,0349371;	64;-0,0589786;	64;-0,0201547;
63;-0,0202283;	63;2,51821e-012;	63;2,08221e-006;	63;-0,020251;	63;-0,000298276;	63;-0,0101507;
62;-0,00822911;	62;3,80701e-009;	62;1,89102e-008;	62;-0,0098349;	62;-0,00837833;	62;-0,0329776;
61;-0,00831671;	61;-0,00170033;	61;-6,25782e-005;	61;-0,0132838;	61;-0,0237492;	61;-0,0111254;
60;-0,023789;	60;0;	60;1,19181e-007;	60;-0,0217496;	60;-0,0208577;	60;-0,0102512;
59;-0,00199341;	59;-0,00294725;	59;-0,011359;	59;0;	59;-0,0285169;	59;-0,0068341;
58;-0,00568585;	58;-0,000859728;	58;-0,0018445;	58;-0,0299445;	58;-0,0433364;	58;-0,00553591;
57;-0,0090245;	57;-0,00480608;	57;-0,00389226;	57;-6,60492e-005;	57;-0,040688;	57;-0,0105699;
56;-0,0176174;	56;0;	56;-0,0117979;	56;-0,0139095;	56;-0,000787828;	56;2,3985e-007;
55;-0,005643;	55;-6,08786e-005;	55;-0,0212294;	55;-0,0335068;	55;-0,017788;	55;-0,000990779;
54;-0,0113761;	54;-0,0014281;	54;0;	54;-0,0351013;	54;-0,0858179;	54;-0,0261964;
53;-0,00709051;	53;0;	53;-0,0123568;	53;-0,00329216;	53;-0,00750423;	53;-0,00386573;
52;-0,0151993;	52;0;	52;-0,00230757;	52;-0,00608677;	52;-0,00685922;	52;-0,012624;
51;-0,00696584;	51;-0,00226244;	51;-0,0305025;	51;-0,017532;	51;-0,0513756;	51;-0,0508104;
50;-0,0113131;	50;-0,000827203;	50;1,33877e-007;	50;-0,0193748;	50;-0,0171587;	50;2,15656e-007;
49;-0,0126874;	49;-0,000167639;	49;-0,0168308;	49;-0,00218579;	49;-0,0347638;	49;-0,00496449;
48;-0,0168661;	48;-0,000903863;	48;-0,017807;	48;-0,0106535;	48;-0,0106245;	48;-0,00515085;
47;-0,0108526;	47;-0,00131141;	47;-0,00804075;	47;0;	47;-0,0189563;	47;-0,0137671;
46;-0,00642664;	46;1,49772e-008;	46;-0,00775766;	46;7,40749e-008;	46;-0,0310054;	46;-0,0145044;
45;-0,0142839;	45;0;	45;-0,00635963;	45;-0,0458612;	45;-0,00743021;	45;-0,0221053;
44;-0,00606373;	44;-0,000731202;	44;-0,077278;	44;-0,00126964;	44;-0,00393842;	44;1,6673e-008;
43;-0,0146331;	43;-1,70444e-006;	43;-0,0042;	43;8,70955e-008;	43;-0,0156057;	43;-0,00344741;
42;-0,00650587;	42;-0,000333065;	42;-0,00505252;	42;-0,00969768;	42;-0,0696168;	42;-0,00233917;
41;-0,0148906;	41;-0,000314384;	41;0;	41;-0,0184602;	41;-0,0228189;	41;-0,00922342;
40;-0,0203543;	40;-0,00229063;	40;-0,0118058;	40;3,74525e-007;	40;-0,00936585;	40;-0,0423593;
39;-0,00853806;	39;-0,00144035;	39;-0,0082785;	39;-0,0210946;	39;-0,0536029;	39;-0,00399103;
38;-0,0114082;	38;-0,00268807;	38;-0,00441206;	38;-0,0430264;	38;-0,0298915;	38;-0,00172735;
37;-0,00556493;	37;0;	37;1,21784e-007;	37;0;	37;-0,00243442;	37;-7,70213e-005;
36;-0,00622029;	36;1,94755e-008;	36;-0,00285282;	36;9,12504e-008;	36;-0,00723171;	36;-0,000545834;
35;-0,00874166;	35;1,5811e-008;	35;-0,00298016;	35;-0,0244289;	35;-0,0329895;	35;-0,00456883;
34;-0,0162242;	34;1,54719e-008;	34;-0,000342427;	34;-0,0141324;	34;-0,00488636;	34;-0,0154124;
33;-0,00952402;	33;-0,000778408;	33;-0,000162639;	33;-0,122235;	33;-0,0329211;	33;-0,00709455;
32;-0,00960774;	32;-0,00230743;	32;0;	32;-0,035732;	32;-0,0106645;	32;-0,0143673;
31;-0,00513323;	31;0;	31;-0,00268965;	31;-0,0187216;	31;-0,0218546;	31;-0,0179221;
30;-0,00731703;	30;9,93765e-008;	30;-0,0106411;	30;0;	30;-0,0307806;	30;-0,014782;
29;-0,0124132;	29;-0,0019031;	29;-0,0533945;	29;0;	29;-0,0166608;	29;-0,0196596;
28;-0,0117491;	28;-7,14398e-005;	28;-0,0103797;	28;-0,000369605;	28;-0,0115321;	28;-0,0110479;
27;-0,0143681;	27;0;	27;-0,0176784;	27;0;	27;-0,0245513;	27;-0,000451014;
26;-0,00775468;	26;-0,00198393;	26;0;	26;-0,0274111;	26;-0,00970452;	26;-0,0111006;
25;-0,00849318;	25;7,30724e-009;	25;-0,00784474;	25;-0,0120187;	25;1,00709e-006;	25;-0,0144436;
24;-0,00512969;	24;0;	24;-3,56299e-005;	24;1,35827e-008;	24;-0,00926984;	24;-0,069937;
23;-0,00845626;	23;-0,00187925;	23;-0,00769917;	23;1,5225e-006;	23;-0,0356555;	23;-0,00684102;
22;-0,00731765;	22;2,11048e-008;	22;-0,00335299;	22;-0,0465716;	22;-0,0412038;	22;-0,0074972;
21;-0,00933611;	21;0;	21;-0,0103294;	21;-0,0141059;	21;-0,00346783;	21;-0,0059816;
20;-0,00400852;	20;0;	20;-0,00293577;	20;-0,00847044;	20;-0,0134292;	20;-0,0171559;
19;-0,0104068;	19;-0,000696715;	19;-0,00416249;	19;-0,00733725;	19;-0,00193727;	19;-0,0263216;
18;-0,0161179;	18;3,45545e-009;	18;-0,000611798;	18;-0,00256132;	18;-0,0139023;	18;-0,00613301;
17;-0,0111611;	17;0;	17;-0,00418793;	17;0;	17;-0,0143715;	17;-0,0349404;
16;-0,00320422;	16;6,43126e-009;	16;-0,0208151;	16;0;	16;-0,0274695;	16;-0,0240721;
15;-0,0151211;	15;-0,00144414;	15;-0,0277131;	15;-0,000248795;	15;-0,0617119;	15;-0,00363526;
14;-0,00617338;	14;-0,000649612;	14;4,66107e-007;	14;1,46492e-007;	14;-0,0293132;	14;-0,00531294;
13;-0,0114915;	13;-0,00048574;	13;-0,0010977;	13;-0,0245708;	13;-0,0263534;	13;-8,39637e-005;
12;-0,0125352;	12;0;	12;-0,00441027;	12;4,65062e-007;	12;-0,0260263;	12;-0,0166029;
11;-0,00970099;	11;-1,53821e-005;	11;-0,00221587;	11;-0,0962449;	11;-0,00624368;	11;-0,0234935;
10;-0,0183305;	10;-0,000175969;	10;-0,0170258;	10;-0,00736215;	10;-0,0189606;	10;-0,00594538;
9;-0,0219379;	9;-0,00100097;	9;-0,00377985;	9;0;	9;-0,0517527;	9;-0,000231515;
8;-0,00426439;	8;0;	8;6,85085e-007;	8;-0,0284538;	8;-0,0110693;	8;-0,00129472;
7;-0,0139421;	7;-0,00192318;	7;-0,0177031;	7;0;	7;-0,0203426;	7;-0,00791743;
6;-0,0137501;	6;1,41959e-008;	6;-0,0198954;	6;5,89925e-006;	6;-0,00324971;	6;-0,010522;
5;-0,00363764;	5;9,21964e-009;	5;-0,00679784;	5;-0,0143092;	5;-0,00745546;	5;-0,0292834;
4;-0,011158;	4;4,00971e-009;	4;-0,000567722;	4;-0,00108475;	4;1,33947e-006;	4;-0,0429706;
3;-0,00451149;	3;0;	3;-0,00553887;	3;2,11875e-007;	3;4,63577e-006;	3;-0,00248275;
2;-0,0134498;	2;5e-009;	2;-0,0137291;	2;-0,0171938;	2;-0,00817954;	2;-0,0116182;
1;-0,00576651;	1;-4,97445e-005;	1;-0,000116926;	1;-0,000212926;	1;-0,00186075;	1;-0,00039018;
